C101

VEHICLE
NUMBER     CAPACITY
  25         200

CUSTOMER
CUST NO.  XCOORD  YCOORD  DEMAND  READY TIME  DUE DATE  SERVICE TIME

1   40  50  0   0   1236   0
2   45  68  10  912 967   90
3   45  70  30  825 870   90
4   42  66  10  65  146   90
5   42  68  10  727 782   90
6   42  65  10  15  67    90
7   40  69  20  621 702   90
8   40  66  20  170 225   90
9   38  68  20  255 324   90
10  38  70  10  534 605   90
11  35  66  10  357 410   90
12  35  69  10  448 505   90
13  25  85  20  652 721   90
14  22  75  30  30  92    90
15  22  85  10  567 620   90
16  20  80  40  384 429   90
17  20  85  40  475 528   90
18  18  75  20  99  148   90
19  15  75  20  179 254   90
20  15  80  10  278 345   90
